cp	min_split	min_bucket	max_depth	ganancia_promedio
-1	2	1	4	37328667
-1	2	2	4	37328667
-1	2	3	4	37510667
-1	2	4	4	37510667
-1	2	5	4	37510667
-1	2	0	4	37328667
-1	4	1	4	37328667
-1	4	2	4	37328667
-1	4	3	4	37510667
-1	4	4	4	37510667
-1	4	5	4	37510667
-1	4	0	4	37328667
-1	8	1	4	37328667
-1	8	2	4	37328667
-1	8	3	4	37510667
-1	8	4	4	37510667
-1	8	5	4	37510667
-1	8	0	4	37328667
-1	10	1	4	37328667
-1	10	2	4	37328667
-1	10	3	4	37510667
-1	10	4	4	37510667
-1	10	5	4	37510667
-1	15	1	4	37328667
-1	15	2	4	37328667
-1	15	3	4	37510667
-1	15	4	4	37510667
-1	15	5	4	37510667
-1	15	7	4	37468667
-1	20	1	4	37328667
-1	20	2	4	37328667
-1	20	3	4	37510667
-1	20	4	4	37510667
-1	20	5	4	37510667
-1	20	6	4	37510667
-1	20	10	4	37286667
-1	30	1	4	37328667
-1	30	2	4	37328667
-1	30	3	4	37510667
-1	30	4	4	37510667
-1	30	5	4	37510667
-1	30	6	4	37510667
-1	30	10	4	37286667
-1	30	15	4	37286667
-1	50	1	4	37328667
-1	50	2	4	37328667
-1	50	3	4	37510667
-1	50	4	4	37510667
-1	50	5	4	37510667
-1	50	10	4	37286667
-1	50	16	4	37286667
-1	50	25	4	37263333
-1	100	1	4	37328667
-1	100	2	4	37328667
-1	100	3	4	37510667
-1	100	4	4	37510667
-1	100	5	4	37510667
-1	100	10	4	37286667
-1	100	20	4	37286667
-1	100	33	4	37230667
-1	100	50	4	38080000
-1	150	1	4	37328667
-1	150	2	4	37328667
-1	150	3	4	37510667
-1	150	4	4	37510667
-1	150	5	4	37510667
-1	150	15	4	37286667
-1	150	30	4	37249333
-1	150	50	4	38080000
-1	150	75	4	38080000
-1	200	1	4	37328667
-1	200	2	4	37328667
-1	200	3	4	37510667
-1	200	4	4	37510667
-1	200	5	4	37510667
-1	200	20	4	37286667
-1	200	40	4	38080000
-1	200	66	4	38080000
-1	200	100	4	38906000
-1	300	1	4	37328667
-1	300	2	4	37328667
-1	300	3	4	37510667
-1	300	4	4	37510667
-1	300	5	4	37510667
-1	300	30	4	37249333
-1	300	60	4	38080000
-1	300	100	4	38906000
-1	300	150	4	43782667
-1	400	1	4	37328667
-1	400	2	4	37328667
-1	400	3	4	37510667
-1	400	4	4	37510667
-1	400	5	4	37510667
-1	400	40	4	38080000
-1	400	80	4	38080000
-1	400	133	4	40376000
-1	400	200	4	49970667
-1	2	1	5	40455333
-1	2	2	5	40348000
-1	2	3	5	40338667
-1	2	4	5	40315333
-1	2	5	5	40576667
-1	2	0	5	40455333
-1	4	1	5	40455333
-1	4	2	5	40348000
-1	4	3	5	40338667
-1	4	4	5	40315333
-1	4	5	5	40576667
-1	4	0	5	40455333
-1	8	1	5	40455333
-1	8	2	5	40348000
-1	8	3	5	40338667
-1	8	4	5	40315333
-1	8	5	5	40576667
-1	8	0	5	40455333
-1	10	1	5	40455333
-1	10	2	5	40348000
-1	10	3	5	40338667
-1	10	4	5	40315333
-1	10	5	5	40576667
-1	15	1	5	40455333
-1	15	2	5	40348000
-1	15	3	5	40338667
-1	15	4	5	40315333
-1	15	5	5	40576667
-1	15	7	5	40497333
-1	20	1	5	40455333
-1	20	2	5	40348000
-1	20	3	5	40338667
-1	20	4	5	40315333
-1	20	5	5	40576667
-1	20	6	5	40553333
-1	20	10	5	40889333
-1	30	1	5	40455333
-1	30	2	5	40348000
-1	30	3	5	40338667
-1	30	4	5	40315333
-1	30	5	5	40576667
-1	30	6	5	40553333
-1	30	10	5	40889333
-1	30	15	5	42821333
-1	50	1	5	40455333
-1	50	2	5	40348000
-1	50	3	5	40338667
-1	50	4	5	40315333
-1	50	5	5	40576667
-1	50	10	5	40875333
-1	50	16	5	42821333
-1	50	25	5	42252000
-1	100	1	5	40553333
-1	100	2	5	40446000
-1	100	3	5	40436667
-1	100	4	5	40413333
-1	100	5	5	40674667
-1	100	10	5	40973333
-1	100	20	5	42457333
-1	100	33	5	42662667
-1	100	50	5	43250667
-1	150	1	5	40637333
-1	150	2	5	40530000
-1	150	3	5	40520667
-1	150	4	5	40497333
-1	150	5	5	40758667
-1	150	15	5	42849333
-1	150	30	5	42112000
-1	150	50	5	43250667
-1	150	75	5	42975333
-1	200	1	5	40516000
-1	200	2	5	40408667
-1	200	3	5	40399333
-1	200	4	5	40376000
-1	200	5	5	40637333
-1	200	20	5	42266000
-1	200	40	5	43026667
-1	200	66	5	42863333
-1	200	100	5	43568000
-1	300	1	5	40810000
-1	300	2	5	40702667
-1	300	3	5	40693333
-1	300	4	5	40670000
-1	300	5	5	40931333
-1	300	30	5	42714000
-1	300	60	5	43614667
-1	300	100	5	44011333
-1	300	150	5	47651333
-1	400	1	5	40674667
-1	400	2	5	40567333
-1	400	3	5	40558000
-1	400	4	5	40534667
-1	400	5	5	40796000
-1	400	40	5	43260000
-1	400	80	5	43358000
-1	400	133	5	43885333
-1	400	200	5	58916667
-1	2	1	6	57960000
-1	2	2	6	58048667
-1	2	3	6	58356667
-1	2	4	6	59098667
-1	2	5	6	59924667
-1	2	0	6	57960000
-1	4	1	6	57946000
-1	4	2	6	58048667
-1	4	3	6	58356667
-1	4	4	6	59098667
-1	4	5	6	59924667
-1	4	0	6	57946000
-1	8	1	6	57941333
-1	8	2	6	58034667
-1	8	3	6	58347333
-1	8	4	6	59098667
-1	8	5	6	59924667
-1	8	0	6	57941333
-1	10	1	6	57932000
-1	10	2	6	58025333
-1	10	3	6	58338000
-1	10	4	6	59098667
-1	10	5	6	59924667
-1	15	1	6	57918000
-1	15	2	6	58011333
-1	15	3	6	58310000
-1	15	4	6	59061333
-1	15	5	6	59887333
-1	15	7	6	60778667
-1	20	1	6	57918000
-1	20	2	6	57969333
-1	20	3	6	58268000
-1	20	4	6	59042667
-1	20	5	6	59868667
